georgia={
	location=421
	color={
		116 0 0 
	}
	outgoing={
		name="astrakhan"
		path={
			4301 4156 2201 2208 464 
		}
		control={
			3578.000000 1332.000000 3548.000000 1380.000000 3535.000000 1410.000000 
		}
	}
	outgoing={
		name="persia"
		path={
			4341 
		}
		control={
			3566.000000 1291.000000 3575.500000 1273.000000 
		}
	}
	outgoing={
		name="crimea"
		path={
			462 2195 
		}
		control={
			3462.000000 1373.500000 3435.000000 1389.000000 3409.000000 1413.000000 3383.500000 1422.000000 3370.000000 1423.000000 3356.500000 1421.500000 3332.000000 1417.000000 
		}
	}
	outgoing={
		name="constantinople"
		path={
			423 330 328 151 
		}
		control={
			3501.000000 1353.000000 3429.000000 1336.000000 3385.000000 1340.000000 3332.000000 1349.000000 
		}
	}
	members={
		462 1856 463 2201 2195 2197 422 423 2203 4301 2196 2204 4303 425 2198 2199 2208 4306 421 4299 4305 4340 419 420 2202 2205 4302 6010 6139 6141 6140 
	}
}
persia={
	location=4341
	color={
		204 119 31 
	}
	inland=yes
	outgoing={
		name="basra"
		path={
			426 428 413 412 
		}
		control={
			3591.000000 1234.000000 3561.000000 1228.000000 3564.000000 1167.000000 
		}
	}
	outgoing={
		name="samarkand"
		path={
			442 441 438 437 427 426 
		}
		control={
			3649.000000 1263.000000 3670.840088 1280.170044 3690.000000 1305.000000 
		}
	}
	members={
		435 2224 2229 2230 4334 4324 417 426 4339 4341 427 428 2213 2216 4337 429 433 2222 4335 4171 2212 2215 4300 4338 413 414 2209 2210 412 2217 4289 4290 4342 432 2220 2234 4345 416 2206 2207 4304 4177 4170 4172 6143 424 2211 2218 4329 4330 4331 2214 2221 2235 2236 4326 6138 6136 6135 6134 6133 6142 430 2219 2223 4332 431 2999 4327 6154 6153 6152 6151 6150 6149 6148 6147 6146 6145 6144 6157 6156 6155 4325 446 
	}
}
samarkand={
	location=438
	inland=yes
	outgoing={
		name="astrakhan"
		path={
			442 440 443 470 465 464 
		}
		control={
			3690.000000 1357.000000 3682.000000 1386.000000 3657.000000 1444.000000 3610.000000 1470.000000 
		}
	}
	members={
		439 443 2370 2362 2349 438 437 2350 441 445 444 
	}
}
basra={
	location=1335
	outgoing={
		name="alexandria"
		path={
			394 393 361 358 
		}
		control={
			3572.000000 1100.500000 3539.000000 1045.000000 3520.000000 1044.000000 3444.000000 1008.000000 3424.000000 980.000000 3399.000000 1002.000000 3329.000000 1110.500000 3317.000000 1130.000000 3286.000000 1151.000000 
		}
	}
	outgoing={
		name="aleppo"
		path={
			408 409 406 382 377 
		}
		control={
			3542.000000 1156.000000 3501.000000 1170.000000 3487.000000 1204.000000 3448.000000 1222.000000 3423.000000 1245.000000 
		}
	}
	members={
		1335 394 395 396 2340 2347 393 2338 4272 392 2337 4273 4274 2335 2336 2339 4275 4276 384 2329 2330 383 2328 4268 4269 2327 385 2331 2332 4277 4278 397 398 404 2333 403 4285 4287 399 400 4286 401 2341 2342 1332 1334 4347 402 4284 387 2346 4279 390 2344 4281 388 2345 4280 386 391 4282 389 2343 4283 1779 
	}
}
aleppo={
	location=377
	color={
		202 150 172 
	}
	outgoing={
		name="constantinople"
		path={
			1317 1848 322 317 1320 
		}
		control={
			3308.000000 1243.000000 3264.000000 1243.000000 
		}
	}
	outgoing={
		name="alexandria"
		path={
			1316 1315 358 
		}
		control={
			3353.000000 1241.000000 3335.000000 1200.000000 3284.000000 1180.000000 
		}
	}
	members={
		377 1849 2313 4298 379 1854 380 381 378 382 1855 4297 6113 6114 405 4270 4271 408 2311 2312 4288 406 409 410 2310 4291 415 4293 4294 411 2309 2314 407 4292 2334 
	}
}
constantinople={
	location=4312
	color={
		126 203 120 
	}
	outgoing={
		name="ragusa"
		path={
			149 1765 1766 138 137 
		}
		control={
			3254.500000 1324.500000 
		}
	}
	outgoing={
		name="alexandria"
		path={
			362 363 1316 1932 318 317 1320 
		}
		control={
			3230.000000 1294.000000 3264.000000 1243.000000 3283.500000 1193.500000 
		}
	}
	members={
		1320 325 328 2299 2304 329 1846 2300 4314 4315 316 317 2296 322 1848 4308 4311 318 319 2297 2298 4309 326 4312 4313 327 2302 323 324 2301 4307 332 2303 4310 2308 331 2305 330 418 2306 2307 4295 4296 6115 6116 6117 
	}
}
novgorod={
	location=295
	color={
		97 126 37 
	}
	outgoing={
		name="astrakhan"
		path={
			310 312 308 307 306 
		}
		control={
			3418.000000 1617.000000 3442.000000 1576.000000 3519.000000 1545.500000 3513.500000 1523.500000 3509.000000 1514.500000 3500.500000 1491.000000 
		}
	}
	outgoing={
		name="white_sea"
		path={
			295 
		}
		control={
			3301.000000 1705.000000 
		}
	}
	members={
		294 1752 4243 4248 4249 295 4251 4252 307 4147 4253 308 1753 4117 4250 1754 1956 4254 306 1079 1083 1957 305 1962 1972 4266 1082 2422 4264 314 4262 4263 1755 4129 1077 1963 1964 301 1778 4255 296 300 4116 
	}
}
astrakhan={
	location=464
	inland=yes
	outgoing={
		name="crimea"
		path={
			468 287 1323 
		}
		control={
			3487.000000 1457.000000 3419.000000 1458.000000 3394.500000 1453.500000 3380.000000 1430.500000 3372.500000 1414.500000 3345.000000 1397.500000 
		}
	}
	outgoing={
		name="kiev"
		path={
			467 299 280 
		}
		control={
			3460.000000 1472.000000 3414.000000 1550.000000 3324.000000 1523.000000 
		}
	}
	members={
		288 303 465 467 469 470 474 1971 2365 2367 2366 2409 2418 2419 472 471 466 468 302 304 2415 2416 2417 464 2421 4265 4267 475 1965 2420 2444 473 1081 2423 6011 6012 6013 6014 6011 6015 6016 
	}
}
kiev={
	location=280
	outgoing={
		name="white_sea"
		path={
			278 292 275 311 310 
		}
		control={
			3260.000000 1570.000000 3296.500000 1603.000000 3290.500000 1651.000000 3300.000000 1680.000000 
		}
	}
	outgoing={
		name="krakow"
		path={
			279 260 262 
		}
		control={
			3221.000000 1531.000000 3171.000000 1539.000000 
		}
	}
	outgoing={
		name="crimea"
		path={
			280 281 282 284 
		}
		control={
			3290.000000 1506.000000 3297.000000 1470.000000 3307.169922 1429.410034 
		}
	}
	outgoing={
		name="baltic_sea"
		path={
			279 
		}
		control={
			3238.000000 1598.000000 3212.000000 1610.000000 3189.500000 1666.000000 
		}
	}
	members={
		272 279 281 770 1937 1943 2962 277 278 1941 291 298 299 2408 280 1942 1944 4247 289 290 1945 2407 292 771 4246 276 4115 4242 4538 4537 4536 4535 4545 4544 4540 4539 4542 4543 269 271 1936 4534 270 293 297 4244 4245 
	}
}
alexandria={
	location=358
	color={
		200 200 102 
	}
	outgoing={
		name="ragusa"
		path={
			362 363 1316 1932 318 317 1320 
		}
		control={
			3272.000000 1172.000000 3275.000000 1197.000000 3266.000000 1216.000000 3236.000000 1243.000000 3203.000000 1286.000000 3203.000000 1315.000000 3216.000000 1325.000000 
		}
	}
	outgoing={
		name="genua"
		path={
			1315 1318 145 1773 144 143 1310 1309 1308 
		}
		control={
			3253.000000 1183.000000 3216.000000 1220.000000 3160.000000 1229.000000 3130.000000 1251.000000 3108.000000 1291.000000 3100.000000 1332.000000 3080.500000 1356.000000 3031.000000 1383.000000 
		}
	}
	outgoing={
		name="venice"
		path={
			1315 1318 145 1773 144 143 1310 1309 1308 
		}
		control={
			3253.000000 1183.000000 3216.000000 1220.000000 3160.000000 1229.000000 3130.000000 1251.000000 3108.000000 1291.000000 3100.000000 1332.000000 3080.500000 1356.000000 3031.000000 1383.000000 
		}
	}
	outgoing={
		name="tunis"
		path={
			1315 1314 1313 1305 341 
		}
		control={
			3229.000000 1164.000000 3198.000000 1162.000000 3156.000000 1182.000000 3121.000000 1178.000000 
		}
	}
	members={
		356 357 2326 2325 358 362 363 4316 2316 361 4317 359 4318 2318 4323 2317 2319 4320 4319 360 1231 1233 2321 2320 2315 365 364 6024 6023 6025 6026 163 320 321 6121 
	}
}
venice={
	location=118
	color={
		73 152 76 
	}
	outgoing={
		name="genua"
		path={
			1303 
		}
		control={
			2967.000000 1344.000000 
		}
	}
	outgoing={
		name="tunis"
		path={
			341 
		}
		control={
			3003.000000 1282.000000 
		}
	}
	outgoing={
		name="ragusa"
		path={
			1312 1319 
		}
		control={
			3168.000000 1246.500000 3203.000000 1268.000000 3204.000000 1316.000000 
		}
	}
	outgoing={
		name="sevilla"
		path={
			1302 
		}
		control={
			2950.000000 1288.000000 2857.500000 1284.000000 2777.500000 1247.500000 
		}
	}
	members={
		2977 20 2976 4731 118 6050 119 6051 6052 6053 6060 121 2983 122 1933 2985 4733 123 1934 2984 124 126 2982 5776 125 4736 4737 5775 127 2986 4735 5780 4737 5786 120 6126 6125 6158 
	}
}
crimea={
	location=1322
	color={
		59 158 125 
	}
	outgoing={
		name="krakow"
		path={
			1756 1321 1320 
		}
		control={
			3266.000000 1436.000000 3201.000000 1508.000000 
		}
	}
	outgoing={
		name="ragusa"
		path={
			1322 2961 262 
		}
		control={
			3314.000000 1403.000000 
		}
	}
	outgoing={
		name="pest"
		path={
			4706 2998 4531 160 2746 156 1954 155 
		}
		control={
			3266.000000 1430.500000 3218.000000 1466.000000 3180.000000 1456.000000 3147.000000 1475.000000 
		}
	}
	members={
		1323 1322 282 1974 2406 286 287 2413 2414 284 285 2410 2447 283 2411 2412 6006 6003 6004 6002 6005 6006 6007 6008 6009 6000 6001 268 1756 2405 4529 4530 
	}
}
krakow={
	location=262
	color={
		114 70 103 
	}
	outgoing={
		name="rheinland"
		path={
			263 264 1763 
		}
		control={
			3083.000000 1532.000000 3069.000000 1548.000000 3034.000000 1562.000000 
		}
	}
	outgoing={
		name="baltic_sea"
		path={
			258 255 1859 43 1927 1926 
		}
		control={
			3097.000000 1544.000000 3089.000000 1554.000000 3095.000000 1580.000000 3096.000000 1605.000000 3118.000000 1637.000000 
		}
	}
	outgoing={
		name="wien"
		path={
			263 4726 265 1770 
		}
		control={
			3106.000000 1520.000000 3084.000000 1516.000000 3077.000000 1508.000000 3070.000000 1500.000000 3061.000000 1494.000000 
		}
	}
	members={
		6112 6111 6110 6109 6108 6107 258 259 260 261 262 263 264 1940 256 257 1938 1939 254 255 2424 2959 2960 2961 2966 4238 2963 1859 4523 4524 4526 4528 4525 4527 4533 4541 4723 43 2997 1841 2958 42 767 41 40 
	}
}
wien={
	location=134
	color={
		220 220 220 
	}
	outgoing={
		name="genua"
		path={
			132 128 1769 1308 4738 
		}
		control={
			3026.000000 1470.000000 3028.000000 1456.000000 3021.000000 1442.000000 
		}
	}
	outgoing={
		name="rheinland"
		path={
			133 64 1757 67 66 79 1876 
		}
		control={
			3033.000000 1484.000000 3006.000000 1499.000000 2992.000000 1505.000000 2984.000000 1509.000000 2978.000000 1514.000000 2960.000000 1513.000000 2947.000000 1514.000000 
		}
	}
	outgoing={
		name="champagne"
		path={
			75 183 
		}
		control={
			3033.000000 1484.000000 3006.000000 1499.000000 2963.000000 1486.000000 2923.000000 1493.000000 2863.000000 1499.000000 
		}
	}
	members={
		6106 6105 6104 6103 6102 6101 64 65 76 128 132 133 134 1757 1770 1863 2955 2956 2957 68 1868 70 1872 73 110 1768 4707 4708 4709 4710 4711 4712 4713 4758 4759 4760 4761 4762 265 4237 4726 4714 72 74 75 4765 1880 1873 4722 1870 166 1869 165 1867 1871 4721 4720 266 4724 4725 2968 2970 267 2967 1771 1769 129 4751 
	}
}
pest={
	location=153
	color={
		172 95 81 
	}
	outgoing={
		name="ragusa"
		path={
			1831 3002 4755 4173 4126 
		}
		control={
			3169.000000 1453.000000 3203.000000 1421.000000 3220.000000 1353.000000 
		}
	}
	outgoing={
		name="genua"
		path={
			4752 
		}
		control={
			3037.000000 1425.000000 
		}
	}
	outgoing={
		name="wien"
		path={
			4240 135 
		}
		control={
			3092.000000 1474.000000 
		}
	}
	members={
		135 153 1864 4126 4240 155 1953 1954 4125 154 162 1318 1772 4236 157 158 1952 4127 156 1951 4128 152 1767 4173 4756 131 4752 1826 1828 6100 6099 
	}
}
rheinland={
	location=1876
	color={
		114 171 184 
	}
	inland=yes
	outgoing={
		name="lubeck"
		path={
			1762 57 53 1857 45 
		}
		control={
			2954.000000 1549.000000 2966.000000 1562.000000 2962.000000 1579.000000 2972.000000 1591.500000 
		}
	}
	outgoing={
		name="champagne"
		path={
			83 1760 80 188 187 186 
		}
		control={
			2928.000000 1531.000000 2912.000000 1541.000000 2902.500000 1543.500000 2881.500000 1535.500000 
		}
	}
	members={
		77 78 79 80 81 83 84 85 1760 1761 1876 1878 2975 1762 66 67 4718 4715 4716 4717 71 4767 4768 4774 49 50 62 63 51 60 61 1759 1763 52 58 59 2964 2965 2969 2993 4741 4742 4743 4744 4747 4748 4778 4775 2972 82 69 86 56 2973 2971 1758 57 4773 
	}
}
north_sea={
	location=1975
	color={
		117 165 188 
	}
	outgoing={
		name="english_channel"
		path={
			1270 236 
		}
		control={
			2851.000000 1611.000000 
		}
	}
	outgoing={
		name="lubeck"
		path={
			1266 1267 1259 1258 45 
		}
		control={
			2882.000000 1665.000000 2955.000000 1690.500000 2983.000000 1670.000000 2979.000000 1645.000000 2974.000000 1637.000000 2979.000000 1627.000000 2976.000000 1618.000000 2974.000000 1612.000000 2981.000000 1606.000000 
		}
	}
	outgoing={
		name="baltic_sea"
		path={
			1266 1267 1259 1258 45 
		}
		control={
			2882.000000 1665.000000 2955.000000 1690.500000 2968.000000 1738.000000 3095.000000 1724.500000 
		}
	}
	members={
		1975 1266 1280 1281 1282 1929 4153 4146 248 249 251 246 247 4361 4362 253 4364 4365 250 252 369 4110 4363 375 376 4119 373 374 4120 4379 372 4121 4380 4118 4377 4378 10 20 21 1978 1979 370 371 23 24 2752 4145 4375 244 10 20 21 23 24 2752 4145 4143 22 17 4144 4153 4146 315 5033 5039 5028 5029 5032 5030 5031 
	}
}
baltic_sea={
	location=1926
	color={
		8 82 165 
	}
	outgoing={
		name="lubeck"
		path={
			1255 1257 45 
		}
		control={
			3089.000000 1696.000000 3072.000000 1648.000000 3044.000000 1636.000000 3015.000000 1620.000000 2984.000000 1605.000000 
		}
	}
	outgoing={
		name="white_sea"
		path={
			1926 36 34 
		}
		control={
			3156.000000 1720.000000 3194.000000 1730.000000 3262.000000 1736.000000 
		}
	}
	members={
		1926 1 2 3 4 5 1985 8 9 11 18 19 25 27 28 29 31 35 37 38 39 273 1930 1935 4113 4114 4123 4152 36 1834 1842 4241 26 1982 4165 6 16 4164 7 4163 5008 5009 5010 5011 5012 5013 5014 5015 5016 5017 5018 5019 5020 5021 5022 5023 5024 5025 5026 5027 30 4151 
	}
}
white_sea={
	location=33
	members={
		1652 1777 1955 4122 4256 4257 313 1776 1958 4258 32 309 4124 33 34 1961 274 275 1960 4148 310 311 1959 2749 4260 312 4259 4261 5034 5035 5036 5037 5038 
	}
	end=yes
}
lubeck={
	location=45
	color={
		190 70 70 
	}
	outgoing={
		name="english_channel"
		path={
			1857 44 1268 1269 
		}
		control={
			2966.000000 1599.000000 2957.000000 1596.000000 2915.000000 1602.000000 2868.000000 1576.000000 
		}
	}
	members={
		12 13 14 15 44 45 46 53 54 55 1775 1857 1874 1981 1983 1984 2996 4141 4142 4149 4749 4771 4772 4786 47 4745 2994 1858 48 4746 2995 5003 5004 5005 5006 5007 
	}
}
tunis={
	location=341
	color={
		110 66 12 
	}
	outgoing={
		name="sevilla"
		path={
			340 339 1301 1294 1293 
		}
		control={
			2950.000000 1288.000000 2857.500000 1284.000000 2777.500000 1247.500000 
		}
	}
	outgoing={
		name="genua"
		path={
			1302 1300 1297 
		}
		control={
			2971.500000 1288.000000 2967.000000 1344.000000 
		}
	}
	outgoing={
		name="ragusa"
		path={
			1305 1307 322 317 1320 
		}
		control={
			3032.500000 1257.500000 3168.000000 1246.500000 3203.000000 1268.000000 3204.000000 1316.000000 
		}
	}
	members={
		355 339 340 341 350 351 352 353 354 1882 2448 2449 2450 2451 2452 2453 2454 2455 2456 2457 2458 2472 2473 2954 4566 4567 344 345 346 347 348 1110 2460 2464 2466 2467 2468 2469 2470 342 343 349 2459 2462 2463 336 337 338 2461 2465 4564 4562 4568 5825 5826 5827 5813 334 335 4561 1751 4563 
	}
}
ragusa={
	location=151
	outgoing={
		name="genua"
		path={
			136 1308 
		}
		control={
			3164.000000 1337.000000 3109.000000 1349.000000 3080.500000 1356.000000 3031.000000 1383.000000 
		}
	}
	members={
		142 144 147 1853 3001 148 145 146 1773 4702 4699 4698 4701 4780 160 161 2998 4531 4532 4703 1765 2746 150 2750 159 4706 4704 1764 151 4779 4705 149 4700 164 2348 3003 1319 4174 4750 143 4175 4239 141 4176 3000 4757 1827 1766 138 140 4755 3002 139 1831 4754 4753 136 137 6120 6122 6123 
	}
}
genua={
	location=109
	color={
		232 36 39 
	}
	outgoing={
		name="valencia"
		path={
			4546 223 222 221 1295 
		}
		control={
			2893.000000 1353.500000 
		}
	}
	outgoing={
		name="bordeaux"
		path={
			201 
		}
		control={
			2903.300049 1390.000000 2850.000000 1387.000000 
		}
	}
	members={
		1298 115 116 2978 2980 101 102 2992 103 1875 2981 1247 4727 104 1862 2979 4728 4740 5781 5782 5783 5785 105 6075 6078 6045 6046 6047 106 108 111 112 113 114 130 1308 1774 4729 4730 4738 5779 5778 5777 109 107 4739 117 6048 6049 6124 
	}
}
valencia={
	location=1295
	color={
		87 70 168 
	}
	outgoing={
		name="bordeaux"
		path={
			1296 
		}
		control={
			2800.000000 1353.000000 2805.000000 1385.000000 
		}
	}
	outgoing={
		name="sevilla"
		path={
			4546 223 222 221 1295 
		}
		control={
			2812.000000 1300.000000 2798.000000 1275.000000 2780.000000 1258.000000 2751.000000 1257.000000 
		}
	}
	members={
		1295 197 212 213 2987 2988 220 1750 4549 4550 211 214 2990 4557 333 4559 4560 
	}
}
sevilla={
	location=1293
	color={
		57 160 101 
	}
	outgoing={
		name="bordeaux"
		path={
			1745 
		}
		control={
			2718.000000 1276.000000 2746.000000 1320.000000 2739.500000 1387.500000 
		}
	}
	members={
		206 207 208 1746 215 216 231 232 1293 217 218 219 221 222 223 224 225 226 227 228 229 230 367 1745 1747 1748 1749 1851 2754 2755 2751 4150 4546 4547 4548 4551 4552 4553 4554 4555 4556 4558 368 366 4565 4787 4788 4789 209 210 2989 
	}
}
bordeaux={
	location=1276
	color={
		36 132 247 
	}
	outgoing={
		name="champagne"
		path={
			1275 172 178 184 185 
		}
		control={
			2756.000000 1449.500000 2785.000000 1452.000000 2805.000000 1459.000000 2832.000000 1470.000000 
		}
	}
	members={
		1276 190 195 199 194 198 4112 180 4111 4386 4387 174 175 176 4694 4697 4777 196 200 2753 4391 4695 203 204 205 4719 201 202 2991 4696 173 6098 6096 6095 6094 
	}
}
champagne={
	location=186
	color={
		148 30 70 
	}
	inland=yes
	outgoing={
		name="english_channel"
		path={
			181 1866 92 1744 1269 
		}
		control={
			2862.000000 1510.000000 2858.000000 1532.000000 2865.000000 1540.000000 2871.000000 1550.000000 
		}
	}
	members={
		182 183 185 4388 179 184 4776 181 186 4390 187 188 189 191 192 193 1877 4392 167 168 1879 4385 169 170 171 172 4384 4764 4766 93 94 1866 177 178 4389 87 88 89 1743 6093 6092 6091 6090 6089 6088 6087 6086 6085 6084 6083 6082 6081 
	}
}
english_channel={
	location=1269
	color={
		220 138 57 
	}
	members={
		1269 1270 1271 241 242 4366 4369 245 4367 4368 4785 239 240 4372 243 1860 1861 4370 4376 233 234 4130 4373 4374 235 236 237 238 4371 92 95 98 99 2974 96 97 4383 100 1931 4381 4382 90 1744 1865 91 4769 4770 1742 
	}
	end=yes
}
